# Iteration / Costs
0 2.472086
1 2.076858
2 2.064071
3 2.061425
4 2.058876
5 2.056335
6 2.053801
7 2.051273
8 2.048751
9 2.046235
10 2.043725
11 2.041221
12 2.038723
13 2.036230
14 2.033744
15 2.031263
16 2.028787
17 2.026317
18 2.023853
19 2.021394
20 2.018941
21 2.016493
22 2.014050
23 2.011613
24 2.009181
25 2.006754
26 2.004333
27 2.001917
28 1.999506
29 1.997100
30 1.994700
31 1.992305
32 1.989915
33 1.987530
34 1.985150
35 1.982775
36 1.980405
37 1.978040
38 1.975681
39 1.973326
40 1.970977
41 1.968632
42 1.966292
43 1.963958
44 1.961628
45 1.959303
46 1.956984
47 1.954669
48 1.952359
49 1.950054
50 1.947753
51 1.945458
52 1.943168
53 1.940882
54 1.938601
55 1.936325
56 1.934054
57 1.931788
58 1.929526
59 1.927269
60 1.925017
61 1.922770
62 1.920527
63 1.918290
64 1.916056
65 1.913828
66 1.911604
67 1.909385
68 1.907171
69 1.904961
70 1.902756
71 1.900556
72 1.898360
73 1.896169
74 1.893982
75 1.891800
76 1.889623
77 1.887450
78 1.885281
79 1.883118
80 1.880959
81 1.878804
82 1.876654
83 1.874508
84 1.872367
85 1.870230
86 1.868098
87 1.865970
88 1.863847
89 1.861728
90 1.859614
91 1.857504
92 1.855399
93 1.853297
94 1.851201
95 1.849108
96 1.847020
97 1.844937
98 1.842857
99 1.840783
100 1.838712
101 1.836646
102 1.834584
103 1.832526
104 1.830473
105 1.828424
106 1.826379
107 1.824338
108 1.822302
109 1.820270
110 1.818242
111 1.816218
112 1.814199
113 1.812183
114 1.810172
115 1.808165
116 1.806163
117 1.804164
118 1.802170
119 1.800179
120 1.798193
121 1.796211
122 1.794233
123 1.792260
124 1.790290
125 1.788324
126 1.786363
127 1.784405
128 1.782452
129 1.780502
130 1.778557
131 1.776615
132 1.774678
133 1.772744
134 1.770815
135 1.768890
136 1.766968
137 1.765051
138 1.763137
139 1.761227
140 1.759322
141 1.757420
142 1.755522
143 1.753628
144 1.751738
145 1.749852
146 1.747970
147 1.746091
148 1.744217
149 1.742346
150 1.740479
151 1.738616
152 1.736757
153 1.734901
154 1.733050
155 1.731202
156 1.729358
157 1.727517
158 1.725681
159 1.723848
160 1.722019
161 1.720194
162 1.718372
163 1.716554
164 1.714740
165 1.712930
166 1.711123
167 1.709320
168 1.707520
169 1.705724
170 1.703932
171 1.702144
172 1.700359
173 1.698578
174 1.696800
175 1.695026
176 1.693256
177 1.691489
178 1.689726
179 1.687966
180 1.686210
181 1.684457
182 1.682708
183 1.680963
184 1.679221
185 1.677482
186 1.675747
187 1.674016
188 1.672288
189 1.670564
190 1.668843
191 1.667125
192 1.665411
193 1.663701
194 1.661993
195 1.660290
196 1.658589
197 1.656892
198 1.655199
199 1.653509
200 1.651822
201 1.650139
202 1.648459
203 1.646782
204 1.645109
205 1.643439
206 1.641773
207 1.640109
208 1.638449
209 1.636793
210 1.635140
211 1.633490
212 1.631843
213 1.630199
214 1.628559
215 1.626922
216 1.625289
217 1.623658
218 1.622031
219 1.620407
220 1.618787
221 1.617169
222 1.615555
223 1.613944
224 1.612336
225 1.610731
226 1.609130
227 1.607531
228 1.605936
229 1.604344
230 1.602755
231 1.601169
232 1.599587
233 1.598007
234 1.596431
235 1.594857
236 1.593287
237 1.591720
238 1.590156
239 1.588595
240 1.587037
241 1.585482
242 1.583930
243 1.582382
244 1.580836
245 1.579293
246 1.577754
247 1.576217
248 1.574683
249 1.573152
250 1.571625
251 1.570100
252 1.568578
253 1.567060
254 1.565544
255 1.564031
256 1.562521
257 1.561014
258 1.559510
259 1.558009
260 1.556511
261 1.555015
262 1.553523
263 1.552033
264 1.550547
265 1.549063
266 1.547582
267 1.546104
268 1.544629
269 1.543157
270 1.541687
271 1.540220
272 1.538757
273 1.537296
274 1.535837
275 1.534382
276 1.532929
277 1.531480
278 1.530033
279 1.528588
280 1.527147
281 1.525708
282 1.524272
283 1.522839
284 1.521409
285 1.519981
286 1.518556
287 1.517134
288 1.515714
289 1.514297
290 1.512883
291 1.511472
292 1.510063
293 1.508657
294 1.507253
295 1.505853
296 1.504455
297 1.503059
298 1.501666
299 1.500276
300 1.498889
301 1.497504
302 1.496122
303 1.494742
304 1.493365
305 1.491991
306 1.490619
307 1.489250
308 1.487883
309 1.486519
310 1.485157
311 1.483798
312 1.482442
313 1.481088
314 1.479737
315 1.478388
316 1.477042
317 1.475698
318 1.474357
319 1.473018
320 1.471682
321 1.470348
322 1.469017
323 1.467688
324 1.466362
325 1.465039
326 1.463717
327 1.462398
328 1.461082
329 1.459768
330 1.458457
331 1.457148
332 1.455841
333 1.454537
334 1.453235
335 1.451936
336 1.450639
337 1.449344
338 1.448052
339 1.446762
340 1.445475
341 1.444190
342 1.442907
343 1.441627
344 1.440349
345 1.439073
346 1.437800
347 1.436529
348 1.435261
349 1.433995
350 1.432731
351 1.431469
352 1.430210
353 1.428953
354 1.427698
355 1.426446
356 1.425196
357 1.423948
358 1.422703
359 1.421459
360 1.420218
361 1.418980
362 1.417743
363 1.416509
364 1.415277
365 1.414047
366 1.412820
367 1.411595
368 1.410371
369 1.409151
370 1.407932
371 1.406716
372 1.405501
373 1.404289
374 1.403079
375 1.401872
376 1.400666
377 1.399463
378 1.398262
379 1.397063
380 1.395866
381 1.394671
382 1.393479
383 1.392288
384 1.391100
385 1.389914
386 1.388730
387 1.387548
388 1.386368
389 1.385191
390 1.384015
391 1.382842
392 1.381670
393 1.380501
394 1.379334
395 1.378169
396 1.377006
397 1.375845
398 1.374686
399 1.373529
400 1.372374
401 1.371221
402 1.370071
403 1.368922
404 1.367775
405 1.366631
406 1.365488
407 1.364347
408 1.363209
409 1.362072
410 1.360938
411 1.359805
412 1.358674
413 1.357546
414 1.356419
415 1.355295
416 1.354172
417 1.353051
418 1.351932
419 1.350816
420 1.349701
421 1.348588
422 1.347477
423 1.346368
424 1.345261
425 1.344156
426 1.343052
427 1.341951
428 1.340852
429 1.339754
430 1.338659
431 1.337565
432 1.336473
433 1.335383
434 1.334295
435 1.333209
436 1.332125
437 1.331043
438 1.329962
439 1.328884
440 1.327807
441 1.326732
442 1.325659
443 1.324588
444 1.323518
445 1.322451
446 1.321385
447 1.320321
448 1.319259
449 1.318199
450 1.317140
451 1.316084
452 1.315029
453 1.313976
454 1.312925
455 1.311875
456 1.310828
457 1.309782
458 1.308738
459 1.307695
460 1.306655
461 1.305616
462 1.304579
463 1.303544
464 1.302510
465 1.301479
466 1.300449
467 1.299420
468 1.298394
469 1.297369
470 1.296346
471 1.295325
472 1.294305
473 1.293287
474 1.292271
475 1.291256
476 1.290244
477 1.289233
478 1.288223
479 1.287216
480 1.286210
481 1.285205
482 1.284203
483 1.283202
484 1.282202
485 1.281205
486 1.280209
487 1.279215
488 1.278222
489 1.277231
490 1.276242
491 1.275254
492 1.274268
493 1.273283
494 1.272301
495 1.271319
496 1.270340
497 1.269362
498 1.268386
499 1.267411
500 1.266438
501 1.265466
502 1.264496
503 1.263528
504 1.262562
505 1.261596
506 1.260633
507 1.259671
508 1.258711
509 1.257752
510 1.256795
511 1.255839
512 1.254885
513 1.253932
514 1.252981
515 1.252032
516 1.251084
517 1.250138
518 1.249193
519 1.248250
520 1.247308
521 1.246368
522 1.245429
523 1.244492
524 1.243557
525 1.242622
526 1.241690
527 1.240759
528 1.239829
529 1.238901
530 1.237975
531 1.237050
532 1.236126
533 1.235204
534 1.234283
535 1.233364
536 1.232446
537 1.231530
538 1.230616
539 1.229702
540 1.228791
541 1.227880
542 1.226971
543 1.226064
544 1.225158
545 1.224253
546 1.223350
547 1.222449
548 1.221549
549 1.220650
550 1.219752
551 1.218857
552 1.217962
553 1.217069
554 1.216177
555 1.215287
556 1.214398
557 1.213511
558 1.212625
559 1.211740
560 1.210857
561 1.209975
562 1.209095
563 1.208216
564 1.207338
565 1.206462
566 1.205587
567 1.204713
568 1.203841
569 1.202970
570 1.202101
571 1.201233
572 1.200366
573 1.199501
574 1.198637
575 1.197774
576 1.196913
577 1.196053
578 1.195194
579 1.194337
580 1.193481
581 1.192626
582 1.191773
583 1.190921
584 1.190070
585 1.189221
586 1.188373
587 1.187526
588 1.186681
589 1.185837
590 1.184994
591 1.184152
592 1.183312
593 1.182473
594 1.181636
595 1.180799
596 1.179964
597 1.179131
598 1.178298
599 1.177467
600 1.176637
601 1.175808
602 1.174981
603 1.174155
604 1.173330
605 1.172506
606 1.171684
607 1.170863
608 1.170043
609 1.169224
610 1.168407
611 1.167591
612 1.166776
613 1.165962
614 1.165150
615 1.164339
616 1.163529
617 1.162720
618 1.161913
619 1.161106
620 1.160301
621 1.159498
622 1.158695
623 1.157893
624 1.157093
625 1.156294
626 1.155496
627 1.154700
628 1.153904
629 1.153110
630 1.152317
631 1.151525
632 1.150735
633 1.149945
634 1.149157
635 1.148370
636 1.147584
637 1.146799
638 1.146015
639 1.145233
640 1.144452
641 1.143672
642 1.142893
643 1.142115
644 1.141338
645 1.140563
646 1.139788
647 1.139015
648 1.138243
649 1.137472
650 1.136702
651 1.135934
652 1.135166
653 1.134400
654 1.133634
655 1.132870
656 1.132107
657 1.131345
658 1.130585
659 1.129825
660 1.129066
661 1.128309
662 1.127553
663 1.126798
664 1.126043
665 1.125290
666 1.124538
667 1.123788
668 1.123038
669 1.122289
670 1.121542
671 1.120795
672 1.120050
673 1.119306
674 1.118562
675 1.117820
676 1.117079
677 1.116339
678 1.115600
679 1.114862
680 1.114126
681 1.113390
682 1.112655
683 1.111922
684 1.111189
685 1.110458
686 1.109727
687 1.108998
688 1.108270
689 1.107542
690 1.106816
691 1.106091
692 1.105367
693 1.104643
694 1.103921
695 1.103200
696 1.102480
697 1.101761
698 1.101043
699 1.100326
700 1.099610
701 1.098895
702 1.098181
703 1.097468
704 1.096757
705 1.096046
706 1.095336
707 1.094627
708 1.093919
709 1.093212
710 1.092506
711 1.091801
712 1.091097
713 1.090395
714 1.089693
715 1.088992
716 1.088292
717 1.087593
718 1.086895
719 1.086198
720 1.085502
721 1.084807
722 1.084113
723 1.083420
724 1.082728
725 1.082036
726 1.081346
727 1.080657
728 1.079969
729 1.079281
730 1.078595
731 1.077910
732 1.077225
733 1.076542
734 1.075859
735 1.075177
736 1.074497
737 1.073817
738 1.073138
739 1.072460
740 1.071784
741 1.071108
742 1.070433
743 1.069758
744 1.069085
745 1.068413
746 1.067742
747 1.067071
748 1.066402
749 1.065733
750 1.065066
751 1.064399
752 1.063733
753 1.063068
754 1.062404
755 1.061741
756 1.061079
757 1.060418
758 1.059757
759 1.059098
760 1.058439
761 1.057781
762 1.057125
763 1.056469
764 1.055814
765 1.055160
766 1.054506
767 1.053854
768 1.053202
769 1.052552
770 1.051902
771 1.051253
772 1.050605
773 1.049958
774 1.049312
775 1.048667
776 1.048022
777 1.047379
778 1.046736
779 1.046094
780 1.045453
781 1.044813
782 1.044174
783 1.043535
784 1.042898
785 1.042261
786 1.041625
787 1.040990
788 1.040356
789 1.039722
790 1.039090
791 1.038458
792 1.037827
793 1.037197
794 1.036568
795 1.035940
796 1.035312
797 1.034686
798 1.034060
799 1.033435
800 1.032811
801 1.032187
802 1.031565
803 1.030943
804 1.030322
805 1.029702
806 1.029083
807 1.028465
808 1.027847
809 1.027230
810 1.026614
811 1.025999
812 1.025385
813 1.024771
814 1.024158
815 1.023546
816 1.022935
817 1.022325
818 1.021715
819 1.021107
820 1.020499
821 1.019891
822 1.019285
823 1.018679
824 1.018075
825 1.017471
826 1.016867
827 1.016265
828 1.015663
829 1.015062
830 1.014462
831 1.013863
832 1.013264
833 1.012666
834 1.012069
835 1.011473
836 1.010878
837 1.010283
838 1.009689
839 1.009096
840 1.008503
841 1.007912
842 1.007321
843 1.006730
844 1.006141
845 1.005552
846 1.004964
847 1.004377
848 1.003791
849 1.003205
850 1.002620
851 1.002036
852 1.001453
853 1.000870
854 1.000288
855 0.999707
856 0.999127
857 0.998547
858 0.997968
859 0.997390
860 0.996812
861 0.996235
862 0.995659
863 0.995084
864 0.994509
865 0.993936
866 0.993362
867 0.992790
868 0.992218
869 0.991647
870 0.991077
871 0.990508
872 0.989939
873 0.989371
874 0.988803
875 0.988237
876 0.987671
877 0.987105
878 0.986541
879 0.985977
880 0.985414
881 0.984851
882 0.984290
883 0.983728
884 0.983168
885 0.982608
886 0.982050
887 0.981491
888 0.980934
889 0.980377
890 0.979821
891 0.979265
892 0.978710
893 0.978156
894 0.977603
895 0.977050
896 0.976498
897 0.975947
898 0.975396
899 0.974846
900 0.974297
901 0.973748
902 0.973200
903 0.972653
904 0.972106
905 0.971560
906 0.971015
907 0.970470
908 0.969926
909 0.969383
910 0.968840
911 0.968298
912 0.967757
913 0.967216
914 0.966676
915 0.966137
916 0.965598
917 0.965060
918 0.964523
919 0.963986
920 0.963450
921 0.962915
922 0.962380
923 0.961846
924 0.961312
925 0.960779
926 0.960247
927 0.959716
928 0.959185
929 0.958655
930 0.958125
931 0.957596
932 0.957068
933 0.956540
934 0.956013
935 0.955486
936 0.954961
937 0.954435
938 0.953911
939 0.953387
940 0.952864
941 0.952341
942 0.951819
943 0.951298
944 0.950777
945 0.950257
946 0.949737
947 0.949218
948 0.948700
949 0.948182
950 0.947665
951 0.947149
952 0.946633
953 0.946118
954 0.945603
955 0.945089
956 0.944576
957 0.944063
958 0.943551
959 0.943039
960 0.942528
961 0.942018
962 0.941508
963 0.940999
964 0.940490
965 0.939983
966 0.939475
967 0.938968
968 0.938462
969 0.937957
970 0.937452
971 0.936947
972 0.936444
973 0.935940
974 0.935438
975 0.934936
976 0.934434
977 0.933933
978 0.933433
979 0.932933
980 0.932434
981 0.931936
982 0.931438
983 0.930941
984 0.930444
985 0.929948
986 0.929452
987 0.928957
988 0.928462
989 0.927969
990 0.927475
991 0.926982
992 0.926490
993 0.925999
994 0.925508
995 0.925017
996 0.924527
997 0.924038
998 0.923549
999 0.923061
1000 0.922573
1001 0.922086
1002 0.921600
1003 0.921114
1004 0.920628
1005 0.920143
1006 0.919659
1007 0.919175
1008 0.918692
1009 0.918209
1010 0.917727
1011 0.917246
1012 0.916765
1013 0.916284
1014 0.915804
1015 0.915325
1016 0.914846
1017 0.914368
1018 0.913890
1019 0.913413
1020 0.912936
1021 0.912460
1022 0.911985
1023 0.911510
1024 0.911035
1025 0.910561
1026 0.910088
1027 0.909615
1028 0.909143
1029 0.908671
1030 0.908200
1031 0.907729
1032 0.907259
1033 0.906789
1034 0.906320
1035 0.905851
1036 0.905383
1037 0.904916
1038 0.904448
1039 0.903982
1040 0.903516
1041 0.903051
1042 0.902586
1043 0.902121
1044 0.901657
1045 0.901194
1046 0.900731
1047 0.900269
1048 0.899807
1049 0.899345
1050 0.898885
1051 0.898424
1052 0.897964
1053 0.897505
1054 0.897046
1055 0.896588
1056 0.896130
1057 0.895673
1058 0.895216
1059 0.894760
1060 0.894304
1061 0.893849
1062 0.893394
1063 0.892940
1064 0.892487
1065 0.892033
1066 0.891581
1067 0.891128
1068 0.890677
1069 0.890225
1070 0.889775
1071 0.889324
1072 0.888875
1073 0.888425
1074 0.887977
1075 0.887528
1076 0.887081
1077 0.886633
1078 0.886187
1079 0.885740
1080 0.885294
1081 0.884849
1082 0.884404
1083 0.883960
1084 0.883516
1085 0.883073
1086 0.882630
1087 0.882187
1088 0.881745
1089 0.881304
1090 0.880863
1091 0.880422
1092 0.879982
1093 0.879543
1094 0.879104
1095 0.878665
1096 0.878227
1097 0.877789
1098 0.877352
1099 0.876915
1100 0.876479
1101 0.876043
1102 0.875608
1103 0.875173
1104 0.874739
1105 0.874305
1106 0.873872
1107 0.873439
1108 0.873006
1109 0.872574
1110 0.872142
1111 0.871711
1112 0.871281
1113 0.870850
1114 0.870421
1115 0.869991
1116 0.869563
1117 0.869134
1118 0.868706
1119 0.868279
1120 0.867852
1121 0.867425
1122 0.866999
1123 0.866574
1124 0.866148
1125 0.865724
1126 0.865299
1127 0.864876
1128 0.864452
1129 0.864029
1130 0.863607
1131 0.863185
1132 0.862763
1133 0.862342
1134 0.861921
1135 0.861501
1136 0.861081
1137 0.860662
1138 0.860243
1139 0.859824
1140 0.859406
1141 0.858989
1142 0.858572
1143 0.858155
1144 0.857739
1145 0.857323
1146 0.856907
1147 0.856492
1148 0.856078
1149 0.855664
1150 0.855250
1151 0.854837
1152 0.854424
1153 0.854012
1154 0.853600
1155 0.853188
1156 0.852777
1157 0.852366
1158 0.851956
1159 0.851546
1160 0.851137
1161 0.850728
1162 0.850319
1163 0.849911
1164 0.849503
1165 0.849096
1166 0.848689
1167 0.848283
1168 0.847877
1169 0.847471
1170 0.847066
1171 0.846661
1172 0.846257
1173 0.845853
1174 0.845449
1175 0.845046
1176 0.844644
1177 0.844241
1178 0.843839
1179 0.843438
1180 0.843037
1181 0.842636
1182 0.842236
1183 0.841836
1184 0.841437
1185 0.841038
1186 0.840639
1187 0.840241
1188 0.839843
1189 0.839446
1190 0.839049
1191 0.838653
1192 0.838256
1193 0.837861
1194 0.837465
1195 0.837070
1196 0.836676
1197 0.836282
1198 0.835888
1199 0.835495
1200 0.835102
1201 0.834709
1202 0.834317
1203 0.833925
1204 0.833534
1205 0.833143
1206 0.832752
1207 0.832362
1208 0.831973
1209 0.831583
1210 0.831194
1211 0.830806
1212 0.830417
1213 0.830030
1214 0.829642
1215 0.829255
1216 0.828868
1217 0.828482
1218 0.828096
1219 0.827711
1220 0.827326
1221 0.826941
1222 0.826557
1223 0.826173
1224 0.825789
1225 0.825406
1226 0.825023
1227 0.824641
1228 0.824259
1229 0.823877
1230 0.823496
1231 0.823115
1232 0.822734
1233 0.822354
1234 0.821974
1235 0.821595
1236 0.821216
1237 0.820837
1238 0.820459
1239 0.820081
1240 0.819704
1241 0.819327
1242 0.818950
1243 0.818574
1244 0.818198
1245 0.817822
1246 0.817447
1247 0.817072
1248 0.816697
1249 0.816323
1250 0.815949
1251 0.815576
1252 0.815203
1253 0.814830
1254 0.814458
1255 0.814086
1256 0.813714
1257 0.813343
1258 0.812972
1259 0.812601
1260 0.812231
1261 0.811861
1262 0.811492
1263 0.811123
1264 0.810754
1265 0.810386
1266 0.810018
1267 0.809650
1268 0.809283
1269 0.808916
1270 0.808550
1271 0.808183
1272 0.807818
1273 0.807452
1274 0.807087
1275 0.806722
1276 0.806358
1277 0.805994
1278 0.805630
1279 0.805266
1280 0.804903
1281 0.804541
1282 0.804178
1283 0.803816
1284 0.803455
1285 0.803094
1286 0.802733
1287 0.802372
1288 0.802012
1289 0.801652
1290 0.801292
1291 0.800933
1292 0.800574
1293 0.800216
1294 0.799858
1295 0.799500
1296 0.799142
1297 0.798785
1298 0.798428
1299 0.798072
1300 0.797716
1301 0.797360
1302 0.797005
1303 0.796650
1304 0.796295
1305 0.795940
1306 0.795586
1307 0.795233
1308 0.794879
1309 0.794526
1310 0.794173
1311 0.793821
1312 0.793469
1313 0.793117
1314 0.792766
1315 0.792415
1316 0.792064
1317 0.791714
1318 0.791364
1319 0.791014
1320 0.790664
1321 0.790315
1322 0.789967
1323 0.789618
1324 0.789270
1325 0.788922
1326 0.788575
1327 0.788228
1328 0.787881
1329 0.787534
1330 0.787188
1331 0.786843
1332 0.786497
1333 0.786152
1334 0.785807
1335 0.785463
1336 0.785118
1337 0.784774
1338 0.784431
1339 0.784088
1340 0.783745
1341 0.783402
1342 0.783060
1343 0.782718
1344 0.782376
1345 0.782035
1346 0.781694
1347 0.781353
1348 0.781013
1349 0.780673
1350 0.780333
1351 0.779994
1352 0.779655
1353 0.779316
1354 0.778978
1355 0.778639
1356 0.778302
1357 0.777964
1358 0.777627
1359 0.777290
1360 0.776953
1361 0.776617
1362 0.776281
1363 0.775945
1364 0.775610
1365 0.775275
1366 0.774940
1367 0.774606
1368 0.774272
1369 0.773938
1370 0.773604
1371 0.773271
1372 0.772938
1373 0.772606
1374 0.772273
1375 0.771941
1376 0.771610
1377 0.771278
1378 0.770947
1379 0.770616
1380 0.770286
1381 0.769956
1382 0.769626
1383 0.769296
1384 0.768967
1385 0.768638
1386 0.768310
1387 0.767981
1388 0.767653
1389 0.767325
1390 0.766998
1391 0.766671
1392 0.766344
1393 0.766017
1394 0.765691
1395 0.765365
1396 0.765039
1397 0.764714
1398 0.764389
1399 0.764064
1400 0.763739
1401 0.763415
1402 0.763091
1403 0.762768
1404 0.762444
1405 0.762121
1406 0.761798
1407 0.761476
1408 0.761154
1409 0.760832
1410 0.760510
1411 0.760189
1412 0.759868
1413 0.759547
1414 0.759227
1415 0.758907
1416 0.758587
1417 0.758267
1418 0.757948
1419 0.757629
1420 0.757310
1421 0.756992
1422 0.756673
1423 0.756356
1424 0.756038
1425 0.755721
1426 0.755404
1427 0.755087
1428 0.754770
1429 0.754454
1430 0.754138
1431 0.753823
1432 0.753507
1433 0.753192
1434 0.752877
1435 0.752563
1436 0.752249
1437 0.751935
1438 0.751621
1439 0.751308
1440 0.750995
1441 0.750682
1442 0.750369
1443 0.750057
1444 0.749745
1445 0.749433
1446 0.749122
1447 0.748810
1448 0.748499
1449 0.748189
1450 0.747878
1451 0.747568
1452 0.747259
1453 0.746949
1454 0.746640
1455 0.746331
1456 0.746022
1457 0.745713
1458 0.745405
1459 0.745097
1460 0.744790
1461 0.744482
1462 0.744175
1463 0.743868
1464 0.743562
1465 0.743255
1466 0.742949
1467 0.742644
1468 0.742338
1469 0.742033
1470 0.741728
1471 0.741423
1472 0.741119
1473 0.740814
1474 0.740511
1475 0.740207
1476 0.739903
1477 0.739600
1478 0.739297
1479 0.738995
1480 0.738692
1481 0.738390
1482 0.738089
1483 0.737787
1484 0.737486
1485 0.737185
1486 0.736884
1487 0.736583
1488 0.736283
1489 0.735983
1490 0.735683
1491 0.735384
1492 0.735085
1493 0.734786
1494 0.734487
1495 0.734188
1496 0.733890
1497 0.733592
1498 0.733295
1499 0.732997
1500 0.732700
1501 0.732403
1502 0.732106
1503 0.731810
1504 0.731514
1505 0.731218
1506 0.730922
1507 0.730627
1508 0.730332
1509 0.730037
1510 0.729742
1511 0.729448
1512 0.729153
1513 0.728859
1514 0.728566
1515 0.728272
1516 0.727979
1517 0.727686
1518 0.727394
1519 0.727101
1520 0.726809
1521 0.726517
1522 0.726226
1523 0.725934
1524 0.725643
1525 0.725352
1526 0.725061
1527 0.724771
1528 0.724481
1529 0.724191
1530 0.723901
1531 0.723612
1532 0.723322
1533 0.723033
1534 0.722745
1535 0.722456
1536 0.722168
1537 0.721880
1538 0.721592
1539 0.721305
1540 0.721017
1541 0.720730
1542 0.720444
1543 0.720157
1544 0.719871
1545 0.719585
1546 0.719299
1547 0.719013
1548 0.718728
1549 0.718443
1550 0.718158
1551 0.717873
1552 0.717589
1553 0.717305
1554 0.717021
1555 0.716737
1556 0.716453
1557 0.716170
1558 0.715887
1559 0.715605
1560 0.715322
1561 0.715040
1562 0.714758
1563 0.714476
1564 0.714194
1565 0.713913
1566 0.713632
1567 0.713351
1568 0.713070
1569 0.712790
1570 0.712510
1571 0.712230
1572 0.711950
1573 0.711671
1574 0.711391
1575 0.711112
1576 0.710833
1577 0.710555
1578 0.710276
1579 0.709998
1580 0.709720
1581 0.709443
1582 0.709165
1583 0.708888
1584 0.708611
1585 0.708334
1586 0.708058
1587 0.707782
1588 0.707506
1589 0.707230
1590 0.706954
1591 0.706679
1592 0.706404
1593 0.706129
1594 0.705854
1595 0.705579
1596 0.705305
1597 0.705031
1598 0.704757
1599 0.704484
1600 0.704210
1601 0.703937
1602 0.703664
1603 0.703392
1604 0.703119
1605 0.702847
1606 0.702575
1607 0.702303
1608 0.702031
1609 0.701760
1610 0.701489
1611 0.701218
1612 0.700947
1613 0.700677
1614 0.700406
1615 0.700136
1616 0.699867
1617 0.699597
1618 0.699327
1619 0.699058
1620 0.698789
1621 0.698521
1622 0.698252
1623 0.697984
1624 0.697716
1625 0.697448
1626 0.697180
1627 0.696913
1628 0.696645
1629 0.696378
1630 0.696111
1631 0.695845
1632 0.695578
1633 0.695312
1634 0.695046
1635 0.694781
1636 0.694515
1637 0.694250
1638 0.693985
1639 0.693720
1640 0.693455
1641 0.693191
1642 0.692926
1643 0.692662
1644 0.692398
1645 0.692135
1646 0.691871
1647 0.691608
1648 0.691345
1649 0.691082
1650 0.690820
1651 0.690557
1652 0.690295
1653 0.690033
1654 0.689771
1655 0.689510
1656 0.689249
1657 0.688987
1658 0.688726
1659 0.688466
1660 0.688205
1661 0.687945
1662 0.687685
1663 0.687425
1664 0.687165
1665 0.686906
1666 0.686646
1667 0.686387
1668 0.686128
1669 0.685870
1670 0.685611
1671 0.685353
1672 0.685095
1673 0.684837
1674 0.684580
1675 0.684322
1676 0.684065
1677 0.683808
1678 0.683551
1679 0.683294
1680 0.683038
1681 0.682782
1682 0.682526
1683 0.682270
1684 0.682014
1685 0.681759
1686 0.681503
1687 0.681248
1688 0.680994
1689 0.680739
1690 0.680484
1691 0.680230
1692 0.679976
1693 0.679722
1694 0.679469
1695 0.679215
1696 0.678962
1697 0.678709
1698 0.678456
1699 0.678203
1700 0.677951
1701 0.677699
1702 0.677446
1703 0.677195
1704 0.676943
1705 0.676691
1706 0.676440
1707 0.676189
1708 0.675938
1709 0.675687
1710 0.675437
1711 0.675187
1712 0.674936
1713 0.674686
1714 0.674437
1715 0.674187
1716 0.673938
1717 0.673689
1718 0.673440
1719 0.673191
1720 0.672942
1721 0.672694
1722 0.672446
1723 0.672198
1724 0.671950
1725 0.671702
1726 0.671455
1727 0.671207
1728 0.670960
1729 0.670713
1730 0.670467
1731 0.670220
1732 0.669974
1733 0.669728
1734 0.669482
1735 0.669236
1736 0.668991
1737 0.668745
1738 0.668500
1739 0.668255
1740 0.668010
1741 0.667765
1742 0.667521
1743 0.667277
1744 0.667033
1745 0.666789
1746 0.666545
1747 0.666302
1748 0.666058
1749 0.665815
1750 0.665572
1751 0.665329
1752 0.665087
1753 0.664844
1754 0.664602
1755 0.664360
1756 0.664118
1757 0.663877
1758 0.663635
1759 0.663394
1760 0.663153
1761 0.662912
1762 0.662671
1763 0.662430
1764 0.662190
1765 0.661950
1766 0.661710
1767 0.661470
1768 0.661230
1769 0.660991
1770 0.660751
1771 0.660512
1772 0.660273
1773 0.660034
1774 0.659796
1775 0.659557
1776 0.659319
1777 0.659081
1778 0.658843
1779 0.658605
1780 0.658368
1781 0.658131
1782 0.657893
1783 0.657656
1784 0.657420
1785 0.657183
1786 0.656946
1787 0.656710
1788 0.656474
1789 0.656238
1790 0.656002
1791 0.655767
1792 0.655531
1793 0.655296
1794 0.655061
1795 0.654826
1796 0.654591
1797 0.654357
1798 0.654123
1799 0.653888
1800 0.653654
1801 0.653420
1802 0.653187
1803 0.652953
1804 0.652720
1805 0.652487
1806 0.652254
1807 0.652021
1808 0.651788
1809 0.651556
1810 0.651324
1811 0.651092
1812 0.650860
1813 0.650628
1814 0.650396
1815 0.650165
1816 0.649934
1817 0.649702
1818 0.649471
1819 0.649241
1820 0.649010
1821 0.648780
1822 0.648549
1823 0.648319
1824 0.648090
1825 0.647860
1826 0.647630
1827 0.647401
1828 0.647172
1829 0.646942
1830 0.646714
1831 0.646485
1832 0.646256
1833 0.646028
1834 0.645800
1835 0.645572
1836 0.645344
1837 0.645116
1838 0.644888
1839 0.644661
1840 0.644434
1841 0.644207
1842 0.643980
1843 0.643753
1844 0.643527
1845 0.643300
1846 0.643074
1847 0.642848
1848 0.642622
1849 0.642396
1850 0.642171
1851 0.641945
1852 0.641720
1853 0.641495
1854 0.641270
1855 0.641045
1856 0.640820
1857 0.640596
1858 0.640372
1859 0.640148
1860 0.639924
1861 0.639700
1862 0.639476
1863 0.639253
1864 0.639029
1865 0.638806
1866 0.638583
1867 0.638361
1868 0.638138
1869 0.637915
1870 0.637693
1871 0.637471
1872 0.637249
1873 0.637027
1874 0.636805
1875 0.636584
1876 0.636362
1877 0.636141
1878 0.635920
1879 0.635699
1880 0.635478
1881 0.635258
1882 0.635037
1883 0.634817
1884 0.634597
1885 0.634377
1886 0.634157
1887 0.633937
1888 0.633718
1889 0.633499
1890 0.633279
1891 0.633060
1892 0.632842
1893 0.632623
1894 0.632404
1895 0.632186
1896 0.631968
1897 0.631750
1898 0.631532
1899 0.631314
1900 0.631096
1901 0.630879
1902 0.630661
1903 0.630444
1904 0.630227
1905 0.630010
1906 0.629794
1907 0.629577
1908 0.629361
1909 0.629145
1910 0.628928
1911 0.628713
1912 0.628497
1913 0.628281
1914 0.628066
1915 0.627850
1916 0.627635
1917 0.627420
1918 0.627205
1919 0.626991
1920 0.626776
1921 0.626562
1922 0.626347
1923 0.626133
1924 0.625919
1925 0.625705
1926 0.625492
1927 0.625278
1928 0.625065
1929 0.624852
1930 0.624639
1931 0.624426
1932 0.624213
1933 0.624000
1934 0.623788
1935 0.623575
1936 0.623363
1937 0.623151
1938 0.622939
1939 0.622728
1940 0.622516
1941 0.622305
1942 0.622093
1943 0.621882
1944 0.621671
1945 0.621460
1946 0.621250
1947 0.621039
1948 0.620829
1949 0.620619
1950 0.620408
1951 0.620199
1952 0.619989
1953 0.619779
1954 0.619570
1955 0.619360
1956 0.619151
1957 0.618942
1958 0.618733
1959 0.618524
1960 0.618315
1961 0.618107
1962 0.617899
1963 0.617690
1964 0.617482
1965 0.617274
1966 0.617067
1967 0.616859
1968 0.616651
1969 0.616444
1970 0.616237
1971 0.616030
1972 0.615823
1973 0.615616
1974 0.615409
1975 0.615203
1976 0.614997
1977 0.614790
1978 0.614584
1979 0.614378
1980 0.614173
1981 0.613967
1982 0.613761
1983 0.613556
1984 0.613351
1985 0.613146
1986 0.612941
1987 0.612736
1988 0.612531
1989 0.612327
1990 0.612122
1991 0.611918
1992 0.611714
1993 0.611510
1994 0.611306
1995 0.611103
1996 0.610899
1997 0.610696
1998 0.610492
1999 0.610289
2000 0.610086
2001 0.609883
2002 0.609681
2003 0.609478
2004 0.609276
2005 0.609073
2006 0.608871
2007 0.608669
2008 0.608467
2009 0.608266
2010 0.608064
2011 0.607863
2012 0.607661
2013 0.607460
2014 0.607259
2015 0.607058
2016 0.606857
2017 0.606657
2018 0.606456
2019 0.606256
2020 0.606055
2021 0.605855
2022 0.605655
2023 0.605455
2024 0.605256
2025 0.605056
2026 0.604857
2027 0.604657
2028 0.604458
2029 0.604259
2030 0.604060
2031 0.603862
2032 0.603663
2033 0.603464
2034 0.603266
2035 0.603068
2036 0.602870
2037 0.602672
2038 0.602474
2039 0.602276
2040 0.602079
2041 0.601881
2042 0.601684
2043 0.601487
2044 0.601290
2045 0.601093
2046 0.600896
2047 0.600699
2048 0.600503
2049 0.600306
2050 0.600110
2051 0.599914
2052 0.599718
2053 0.599522
2054 0.599327
2055 0.599131
2056 0.598935
2057 0.598740
2058 0.598545
2059 0.598350
2060 0.598155
2061 0.597960
2062 0.597765
2063 0.597571
2064 0.597376
2065 0.597182
2066 0.596988
2067 0.596794
2068 0.596600
2069 0.596406
2070 0.596213
2071 0.596019
2072 0.595826
2073 0.595632
2074 0.595439
2075 0.595246
2076 0.595053
2077 0.594861
2078 0.594668
2079 0.594475
2080 0.594283
2081 0.594091
2082 0.593899
2083 0.593707
2084 0.593515
2085 0.593323
2086 0.593132
2087 0.592940
2088 0.592749
2089 0.592557
2090 0.592366
2091 0.592175
2092 0.591985
2093 0.591794
2094 0.591603
2095 0.591413
2096 0.591222
2097 0.591032
2098 0.590842
2099 0.590652
2100 0.590462
2101 0.590272
2102 0.590083
2103 0.589893
2104 0.589704
2105 0.589515
2106 0.589326
2107 0.589137
2108 0.588948
2109 0.588759
2110 0.588570
2111 0.588382
2112 0.588194
2113 0.588005
2114 0.587817
2115 0.587629
2116 0.587441
2117 0.587254
2118 0.587066
2119 0.586878
2120 0.586691
2121 0.586504
2122 0.586317
2123 0.586130
2124 0.585943
2125 0.585756
2126 0.585569
2127 0.585383
2128 0.585196
2129 0.585010
2130 0.584824
2131 0.584638
2132 0.584452
2133 0.584266
2134 0.584080
2135 0.583895
2136 0.583709
2137 0.583524
2138 0.583339
2139 0.583154
2140 0.582969
2141 0.582784
2142 0.582599
2143 0.582414
2144 0.582230
2145 0.582045
2146 0.581861
2147 0.581677
2148 0.581493
2149 0.581309
2150 0.581125
2151 0.580942
2152 0.580758
2153 0.580575
2154 0.580391
2155 0.580208
2156 0.580025
2157 0.579842
2158 0.579659
2159 0.579477
2160 0.579294
2161 0.579111
2162 0.578929
2163 0.578747
2164 0.578565
2165 0.578383
2166 0.578201
2167 0.578019
2168 0.577837
2169 0.577656
2170 0.577474
2171 0.577293
2172 0.577112
2173 0.576931
2174 0.576750
2175 0.576569
2176 0.576388
2177 0.576207
2178 0.576027
2179 0.575846
2180 0.575666
2181 0.575486
2182 0.575306
2183 0.575126
2184 0.574946
2185 0.574766
2186 0.574587
2187 0.574407
2188 0.574228
2189 0.574049
2190 0.573869
2191 0.573690
2192 0.573511
2193 0.573333
2194 0.573154
2195 0.572975
2196 0.572797
2197 0.572619
2198 0.572440
2199 0.572262
2200 0.572084
2201 0.571906
2202 0.571728
2203 0.571551
2204 0.571373
2205 0.571196
2206 0.571018
2207 0.570841
2208 0.570664
2209 0.570487
2210 0.570310
2211 0.570133
2212 0.569957
2213 0.569780
2214 0.569604
2215 0.569427
2216 0.569251
2217 0.569075
2218 0.568899
2219 0.568723
2220 0.568547
2221 0.568372
2222 0.568196
2223 0.568020
2224 0.567845
2225 0.567670
2226 0.567495
2227 0.567320
2228 0.567145
2229 0.566970
2230 0.566795
2231 0.566621
2232 0.566446
2233 0.566272
2234 0.566098
2235 0.565923
2236 0.565749
2237 0.565575
2238 0.565402
2239 0.565228
2240 0.565054
2241 0.564881
2242 0.564707
2243 0.564534
2244 0.564361
2245 0.564188
2246 0.564015
2247 0.563842
2248 0.563669
2249 0.563497
2250 0.563324
2251 0.563152
2252 0.562979
2253 0.562807
2254 0.562635
2255 0.562463
2256 0.562291
2257 0.562119
2258 0.561948
2259 0.561776
2260 0.561605
2261 0.561433
2262 0.561262
2263 0.561091
2264 0.560920
2265 0.560749
2266 0.560578
2267 0.560407
2268 0.560237
2269 0.560066
2270 0.559896
2271 0.559725
2272 0.559555
2273 0.559385
2274 0.559215
2275 0.559045
2276 0.558875
2277 0.558706
2278 0.558536
2279 0.558367
2280 0.558197
2281 0.558028
2282 0.557859
2283 0.557690
2284 0.557521
2285 0.557352
2286 0.557183
2287 0.557015
2288 0.556846
2289 0.556678
2290 0.556509
2291 0.556341
2292 0.556173
2293 0.556005
2294 0.555837
2295 0.555669
2296 0.555502
2297 0.555334
2298 0.555166
2299 0.554999
2300 0.554832
2301 0.554664
2302 0.554497
2303 0.554330
2304 0.554163
2305 0.553997
2306 0.553830
2307 0.553663
2308 0.553497
2309 0.553330
2310 0.553164
2311 0.552998
2312 0.552832
2313 0.552666
2314 0.552500
2315 0.552334
2316 0.552169
2317 0.552003
2318 0.551837
2319 0.551672
2320 0.551507
2321 0.551342
2322 0.551176
2323 0.551011
2324 0.550847
2325 0.550682
2326 0.550517
2327 0.550353
2328 0.550188
2329 0.550024
2330 0.549859
2331 0.549695
2332 0.549531
2333 0.549367
2334 0.549203
2335 0.549039
2336 0.548876
2337 0.548712
2338 0.548549
2339 0.548385
2340 0.548222
2341 0.548059
2342 0.547896
2343 0.547733
2344 0.547570
2345 0.547407
2346 0.547244
2347 0.547081
2348 0.546919
2349 0.546756
2350 0.546594
2351 0.546432
2352 0.546270
2353 0.546108
2354 0.545946
2355 0.545784
2356 0.545622
2357 0.545461
2358 0.545299
2359 0.545138
2360 0.544976
2361 0.544815
2362 0.544654
2363 0.544493
2364 0.544332
2365 0.544171
2366 0.544010
2367 0.543849
2368 0.543689
2369 0.543528
2370 0.543368
2371 0.543208
2372 0.543047
2373 0.542887
2374 0.542727
2375 0.542567
2376 0.542407
2377 0.542248
2378 0.542088
2379 0.541929
2380 0.541769
2381 0.541610
2382 0.541450
2383 0.541291
2384 0.541132
2385 0.540973
2386 0.540814
2387 0.540656
2388 0.540497
2389 0.540338
2390 0.540180
2391 0.540021
2392 0.539863
2393 0.539705
2394 0.539547
2395 0.539389
2396 0.539231
2397 0.539073
2398 0.538915
2399 0.538757
2400 0.538600
2401 0.538442
2402 0.538285
2403 0.538128
2404 0.537970
2405 0.537813
2406 0.537656
2407 0.537499
2408 0.537342
2409 0.537186
2410 0.537029
2411 0.536873
2412 0.536716
2413 0.536560
2414 0.536403
2415 0.536247
2416 0.536091
2417 0.535935
2418 0.535779
2419 0.535623
2420 0.535468
2421 0.535312
2422 0.535156
2423 0.535001
2424 0.534846
2425 0.534690
2426 0.534535
2427 0.534380
2428 0.534225
2429 0.534070
2430 0.533915
2431 0.533760
2432 0.533606
2433 0.533451
2434 0.533297
2435 0.533142
2436 0.532988
2437 0.532834
2438 0.532680
2439 0.532526
2440 0.532372
2441 0.532218
2442 0.532064
2443 0.531911
2444 0.531757
2445 0.531603
2446 0.531450
2447 0.531297
2448 0.531144
2449 0.530990
2450 0.530837
2451 0.530684
2452 0.530532
2453 0.530379
2454 0.530226
2455 0.530074
2456 0.529921
2457 0.529769
2458 0.529616
2459 0.529464
2460 0.529312
2461 0.529160
2462 0.529008
2463 0.528856
2464 0.528704
2465 0.528552
2466 0.528401
2467 0.528249
2468 0.528098
2469 0.527946
2470 0.527795
2471 0.527644
2472 0.527493
2473 0.527342
2474 0.527191
2475 0.527040
2476 0.526889
2477 0.526739
2478 0.526588
2479 0.526437
2480 0.526287
2481 0.526137
2482 0.525986
2483 0.525836
2484 0.525686
2485 0.525536
2486 0.525386
2487 0.525236
2488 0.525087
2489 0.524937
2490 0.524788
2491 0.524638
2492 0.524489
2493 0.524339
2494 0.524190
2495 0.524041
2496 0.523892
2497 0.523743
2498 0.523594
2499 0.523445
2500 0.523297
2501 0.523148
2502 0.523000
2503 0.522851
2504 0.522703
2505 0.522554
2506 0.522406
2507 0.522258
2508 0.522110
2509 0.521962
2510 0.521814
2511 0.521666
2512 0.521519
2513 0.521371
2514 0.521224
2515 0.521076
2516 0.520929
2517 0.520782
2518 0.520634
2519 0.520487
2520 0.520340
2521 0.520193
2522 0.520046
2523 0.519900
2524 0.519753
2525 0.519606
2526 0.519460
2527 0.519313
2528 0.519167
2529 0.519021
2530 0.518875
2531 0.518728
2532 0.518582
2533 0.518436
2534 0.518291
2535 0.518145
2536 0.517999
2537 0.517853
2538 0.517708
2539 0.517562
2540 0.517417
2541 0.517272
2542 0.517127
2543 0.516981
2544 0.516836
2545 0.516691
2546 0.516547
2547 0.516402
2548 0.516257
2549 0.516112
2550 0.515968
2551 0.515823
2552 0.515679
2553 0.515535
2554 0.515390
2555 0.515246
2556 0.515102
2557 0.514958
2558 0.514814
2559 0.514670
2560 0.514527
2561 0.514383
2562 0.514239
2563 0.514096
2564 0.513952
2565 0.513809
2566 0.513666
2567 0.513523
2568 0.513380
2569 0.513237
2570 0.513094
2571 0.512951
2572 0.512808
2573 0.512665
2574 0.512523
2575 0.512380
2576 0.512238
2577 0.512095
2578 0.511953
2579 0.511811
2580 0.511668
2581 0.511526
2582 0.511384
2583 0.511242
2584 0.511101
2585 0.510959
2586 0.510817
2587 0.510676
2588 0.510534
2589 0.510393
2590 0.510251
2591 0.510110
2592 0.509969
2593 0.509828
2594 0.509686
2595 0.509546
2596 0.509405
2597 0.509264
2598 0.509123
2599 0.508982
2600 0.508842
2601 0.508701
2602 0.508561
2603 0.508420
2604 0.508280
2605 0.508140
2606 0.508000
2607 0.507860
2608 0.507720
2609 0.507580
2610 0.507440
2611 0.507300
2612 0.507161
2613 0.507021
2614 0.506882
2615 0.506742
2616 0.506603
2617 0.506464
2618 0.506324
2619 0.506185
2620 0.506046
2621 0.505907
2622 0.505768
2623 0.505629
2624 0.505491
2625 0.505352
2626 0.505213
2627 0.505075
2628 0.504937
2629 0.504798
2630 0.504660
2631 0.504522
2632 0.504383
2633 0.504245
2634 0.504107
2635 0.503970
2636 0.503832
2637 0.503694
2638 0.503556
2639 0.503419
2640 0.503281
2641 0.503144
2642 0.503006
2643 0.502869
2644 0.502732
2645 0.502595
2646 0.502457
2647 0.502320
2648 0.502183
2649 0.502047
2650 0.501910
2651 0.501773
2652 0.501636
2653 0.501500
2654 0.501363
2655 0.501227
2656 0.501091
2657 0.500954
2658 0.500818
2659 0.500682
2660 0.500546
2661 0.500410
2662 0.500274
2663 0.500138
2664 0.500003
2665 0.499867
2666 0.499731
2667 0.499596
2668 0.499460
2669 0.499325
2670 0.499190
2671 0.499054
2672 0.498919
2673 0.498784
2674 0.498649
2675 0.498514
2676 0.498379
2677 0.498244
2678 0.498110
2679 0.497975
2680 0.497840
2681 0.497706
2682 0.497572
2683 0.497437
2684 0.497303
2685 0.497169
2686 0.497034
2687 0.496900
2688 0.496766
2689 0.496632
2690 0.496499
2691 0.496365
2692 0.496231
2693 0.496097
2694 0.495964
2695 0.495830
2696 0.495697
2697 0.495564
2698 0.495430
2699 0.495297
2700 0.495164
2701 0.495031
2702 0.494898
2703 0.494765
2704 0.494632
2705 0.494499
2706 0.494367
2707 0.494234
2708 0.494101
2709 0.493969
2710 0.493836
2711 0.493704
2712 0.493572
2713 0.493439
2714 0.493307
2715 0.493175
2716 0.493043
2717 0.492911
2718 0.492779
2719 0.492648
2720 0.492516
2721 0.492384
2722 0.492253
2723 0.492121
2724 0.491990
2725 0.491858
2726 0.491727
2727 0.491596
2728 0.491465
2729 0.491333
2730 0.491202
2731 0.491071
2732 0.490941
2733 0.490810
2734 0.490679
2735 0.490548
2736 0.490418
2737 0.490287
2738 0.490157
2739 0.490026
2740 0.489896
2741 0.489766
2742 0.489635
2743 0.489505
2744 0.489375
2745 0.489245
2746 0.489115
2747 0.488986
2748 0.488856
2749 0.488726
2750 0.488596
2751 0.488467
2752 0.488337
2753 0.488208
2754 0.488078
2755 0.487949
2756 0.487820
2757 0.487691
2758 0.487562
2759 0.487433
2760 0.487304
2761 0.487175
2762 0.487046
2763 0.486917
2764 0.486788
2765 0.486660
2766 0.486531
2767 0.486403
2768 0.486274
2769 0.486146
2770 0.486018
2771 0.485889
2772 0.485761
2773 0.485633
2774 0.485505
2775 0.485377
2776 0.485249
2777 0.485121
2778 0.484994
2779 0.484866
2780 0.484738
2781 0.484611
2782 0.484483
2783 0.484356
2784 0.484229
2785 0.484101
2786 0.483974
2787 0.483847
2788 0.483720
2789 0.483593
2790 0.483466
2791 0.483339
2792 0.483212
2793 0.483085
2794 0.482959
2795 0.482832
2796 0.482706
2797 0.482579
2798 0.482453
2799 0.482326
2800 0.482200
2801 0.482074
2802 0.481948
2803 0.481821
2804 0.481695
2805 0.481569
2806 0.481444
2807 0.481318
2808 0.481192
2809 0.481066
2810 0.480941
2811 0.480815
2812 0.480690
2813 0.480564
2814 0.480439
2815 0.480313
2816 0.480188
2817 0.480063
2818 0.479938
2819 0.479813
2820 0.479688
2821 0.479563
2822 0.479438
2823 0.479313
2824 0.479188
2825 0.479064
2826 0.478939
2827 0.478815
2828 0.478690
2829 0.478566
2830 0.478441
2831 0.478317
2832 0.478193
2833 0.478069
2834 0.477945
2835 0.477821
2836 0.477697
2837 0.477573
2838 0.477449
2839 0.477325
2840 0.477201
2841 0.477078
2842 0.476954
2843 0.476831
2844 0.476707
2845 0.476584
2846 0.476461
2847 0.476337
2848 0.476214
2849 0.476091
2850 0.475968
2851 0.475845
2852 0.475722
2853 0.475599
2854 0.475476
2855 0.475353
2856 0.475231
2857 0.475108
2858 0.474986
2859 0.474863
2860 0.474741
2861 0.474618
2862 0.474496
2863 0.474374
2864 0.474251
2865 0.474129
2866 0.474007
2867 0.473885
2868 0.473763
2869 0.473641
2870 0.473520
2871 0.473398
2872 0.473276
2873 0.473155
2874 0.473033
2875 0.472911
2876 0.472790
2877 0.472669
2878 0.472547
2879 0.472426
2880 0.472305
2881 0.472184
2882 0.472063
2883 0.471942
2884 0.471821
2885 0.471700
2886 0.471579
2887 0.471458
2888 0.471337
2889 0.471217
2890 0.471096
2891 0.470976
2892 0.470855
2893 0.470735
2894 0.470614
2895 0.470494
2896 0.470374
2897 0.470254
2898 0.470134
2899 0.470014
2900 0.469894
2901 0.469774
2902 0.469654
2903 0.469534
2904 0.469414
2905 0.469295
2906 0.469175
2907 0.469056
2908 0.468936
2909 0.468817
2910 0.468697
2911 0.468578
2912 0.468459
2913 0.468339
2914 0.468220
2915 0.468101
2916 0.467982
2917 0.467863
2918 0.467744
2919 0.467626
2920 0.467507
2921 0.467388
2922 0.467269
2923 0.467151
2924 0.467032
2925 0.466914
2926 0.466795
2927 0.466677
2928 0.466559
2929 0.466441
2930 0.466322
2931 0.466204
2932 0.466086
2933 0.465968
2934 0.465850
2935 0.465732
2936 0.465615
2937 0.465497
2938 0.465379
2939 0.465261
2940 0.465144
2941 0.465026
2942 0.464909
2943 0.464792
2944 0.464674
2945 0.464557
2946 0.464440
2947 0.464322
2948 0.464205
2949 0.464088
2950 0.463971
2951 0.463854
2952 0.463737
2953 0.463621
2954 0.463504
2955 0.463387
2956 0.463271
2957 0.463154
2958 0.463037
2959 0.462921
2960 0.462805
2961 0.462688
2962 0.462572
2963 0.462456
2964 0.462339
2965 0.462223
2966 0.462107
2967 0.461991
2968 0.461875
2969 0.461759
2970 0.461644
2971 0.461528
2972 0.461412
2973 0.461296
2974 0.461181
2975 0.461065
2976 0.460950
2977 0.460834
2978 0.460719
2979 0.460604
2980 0.460488
2981 0.460373
2982 0.460258
2983 0.460143
2984 0.460028
2985 0.459913
2986 0.459798
2987 0.459683
2988 0.459568
2989 0.459453
2990 0.459339
2991 0.459224
2992 0.459110
2993 0.458995
2994 0.458881
2995 0.458766
2996 0.458652
2997 0.458537
2998 0.458423
2999 0.458309
3000 0.458195
3001 0.458081
3002 0.457967
3003 0.457853
3004 0.457739
3005 0.457625
3006 0.457511
3007 0.457398
3008 0.457284
3009 0.457170
3010 0.457057
3011 0.456943
3012 0.456830
3013 0.456716
3014 0.456603
3015 0.456490
3016 0.456376
3017 0.456263
3018 0.456150
3019 0.456037
3020 0.455924
3021 0.455811
3022 0.455698
3023 0.455585
3024 0.455472
3025 0.455360
3026 0.455247
3027 0.455134
3028 0.455022
3029 0.454909
3030 0.454797
3031 0.454684
3032 0.454572
3033 0.454460
3034 0.454348
3035 0.454235
3036 0.454123
3037 0.454011
3038 0.453899
3039 0.453787
3040 0.453675
3041 0.453563
3042 0.453452
3043 0.453340
3044 0.453228
3045 0.453116
3046 0.453005
3047 0.452893
3048 0.452782
3049 0.452670
3050 0.452559
3051 0.452448
3052 0.452336
3053 0.452225
3054 0.452114
3055 0.452003
3056 0.451892
3057 0.451781
3058 0.451670
3059 0.451559
3060 0.451448
3061 0.451338
3062 0.451227
3063 0.451116
3064 0.451005
3065 0.450895
3066 0.450784
3067 0.450674
3068 0.450564
3069 0.450453
3070 0.450343
3071 0.450233
3072 0.450122
3073 0.450012
3074 0.449902
3075 0.449792
3076 0.449682
3077 0.449572
3078 0.449462
3079 0.449353
3080 0.449243
3081 0.449133
3082 0.449023
3083 0.448914
3084 0.448804
3085 0.448695
3086 0.448585
3087 0.448476
3088 0.448367
3089 0.448257
3090 0.448148
3091 0.448039
3092 0.447930
3093 0.447821
3094 0.447712
3095 0.447603
3096 0.447494
3097 0.447385
3098 0.447276
3099 0.447167
3100 0.447059
3101 0.446950
3102 0.446841
3103 0.446733
3104 0.446624
3105 0.446516
3106 0.446407
3107 0.446299
3108 0.446191
3109 0.446082
3110 0.445974
3111 0.445866
3112 0.445758
3113 0.445650
3114 0.445542
3115 0.445434
3116 0.445326
3117 0.445218
3118 0.445111
3119 0.445003
3120 0.444895
3121 0.444787
3122 0.444680
3123 0.444572
3124 0.444465
3125 0.444357
3126 0.444250
3127 0.444143
3128 0.444036
3129 0.443928
3130 0.443821
3131 0.443714
3132 0.443607
3133 0.443500
3134 0.443393
3135 0.443286
3136 0.443179
3137 0.443072
3138 0.442966
3139 0.442859
3140 0.442752
3141 0.442646
3142 0.442539
3143 0.442433
3144 0.442326
3145 0.442220
3146 0.442113
3147 0.442007
3148 0.441901
3149 0.441795
3150 0.441688
3151 0.441582
3152 0.441476
3153 0.441370
3154 0.441264
3155 0.441158
3156 0.441053
3157 0.440947
3158 0.440841
3159 0.440735
3160 0.440630
3161 0.440524
3162 0.440418
3163 0.440313
3164 0.440208
3165 0.440102
3166 0.439997
3167 0.439891
3168 0.439786
3169 0.439681
3170 0.439576
3171 0.439471
3172 0.439366
3173 0.439261
3174 0.439156
3175 0.439051
3176 0.438946
3177 0.438841
3178 0.438736
3179 0.438632
3180 0.438527
3181 0.438422
3182 0.438318
3183 0.438213
3184 0.438109
3185 0.438004
3186 0.437900
3187 0.437796
3188 0.437691
3189 0.437587
3190 0.437483
3191 0.437379
3192 0.437275
3193 0.437171
3194 0.437067
3195 0.436963
3196 0.436859
3197 0.436755
3198 0.436651
3199 0.436548
3200 0.436444
3201 0.436340
3202 0.436237
3203 0.436133
3204 0.436030
3205 0.435926
3206 0.435823
3207 0.435720
3208 0.435616
3209 0.435513
3210 0.435410
3211 0.435307
3212 0.435204
3213 0.435101
3214 0.434998
3215 0.434895
3216 0.434792
3217 0.434689
3218 0.434586
3219 0.434483
3220 0.434381
3221 0.434278
3222 0.434175
3223 0.434073
3224 0.433970
3225 0.433868
3226 0.433765
3227 0.433663
3228 0.433560
3229 0.433458
3230 0.433356
3231 0.433254
3232 0.433152
3233 0.433049
3234 0.432947
3235 0.432845
3236 0.432743
3237 0.432642
3238 0.432540
3239 0.432438
3240 0.432336
3241 0.432234
3242 0.432133
3243 0.432031
3244 0.431929
3245 0.431828
3246 0.431726
3247 0.431625
3248 0.431524
3249 0.431422
3250 0.431321
3251 0.431220
3252 0.431118
3253 0.431017
3254 0.430916
3255 0.430815
3256 0.430714
3257 0.430613
3258 0.430512
3259 0.430411
3260 0.430310
3261 0.430210
3262 0.430109
3263 0.430008
3264 0.429908
3265 0.429807
3266 0.429706
3267 0.429606
3268 0.429505
3269 0.429405
3270 0.429305
3271 0.429204
3272 0.429104
3273 0.429004
3274 0.428904
3275 0.428804
3276 0.428703
3277 0.428603
3278 0.428503
3279 0.428403
3280 0.428303
3281 0.428204
3282 0.428104
3283 0.428004
3284 0.427904
3285 0.427805
3286 0.427705
3287 0.427605
3288 0.427506
3289 0.427406
3290 0.427307
3291 0.427207
3292 0.427108
3293 0.427009
3294 0.426910
3295 0.426810
3296 0.426711
3297 0.426612
3298 0.426513
3299 0.426414
3300 0.426315
3301 0.426216
3302 0.426117
3303 0.426018
3304 0.425919
3305 0.425820
3306 0.425722
3307 0.425623
3308 0.425524
3309 0.425426
3310 0.425327
3311 0.425229
3312 0.425130
3313 0.425032
3314 0.424934
3315 0.424835
3316 0.424737
3317 0.424639
3318 0.424540
3319 0.424442
3320 0.424344
3321 0.424246
3322 0.424148
3323 0.424050
3324 0.423952
3325 0.423854
3326 0.423757
3327 0.423659
3328 0.423561
3329 0.423463
3330 0.423366
3331 0.423268
3332 0.423170
3333 0.423073
3334 0.422975
3335 0.422878
3336 0.422781
3337 0.422683
3338 0.422586
3339 0.422489
3340 0.422391
3341 0.422294
3342 0.422197
3343 0.422100
3344 0.422003
3345 0.421906
3346 0.421809
3347 0.421712
3348 0.421615
3349 0.421518
3350 0.421422
3351 0.421325
3352 0.421228
3353 0.421132
3354 0.421035
3355 0.420938
3356 0.420842
3357 0.420745
3358 0.420649
3359 0.420553
3360 0.420456
3361 0.420360
3362 0.420264
3363 0.420168
3364 0.420071
3365 0.419975
3366 0.419879
3367 0.419783
3368 0.419687
3369 0.419591
3370 0.419495
3371 0.419399
3372 0.419304
3373 0.419208
3374 0.419112
3375 0.419016
3376 0.418921
3377 0.418825
3378 0.418729
3379 0.418634
3380 0.418538
3381 0.418443
3382 0.418348
3383 0.418252
3384 0.418157
3385 0.418062
3386 0.417966
3387 0.417871
3388 0.417776
3389 0.417681
3390 0.417586
3391 0.417491
3392 0.417396
3393 0.417301
3394 0.417206
3395 0.417111
3396 0.417016
3397 0.416922
3398 0.416827
3399 0.416732
3400 0.416638
3401 0.416543
3402 0.416449
3403 0.416354
3404 0.416260
3405 0.416165
3406 0.416071
3407 0.415976
3408 0.415882
3409 0.415788
3410 0.415694
3411 0.415599
3412 0.415505
3413 0.415411
3414 0.415317
3415 0.415223
3416 0.415129
3417 0.415035
3418 0.414941
3419 0.414848
3420 0.414754
3421 0.414660
3422 0.414566
3423 0.414473
3424 0.414379
3425 0.414285
3426 0.414192
3427 0.414098
3428 0.414005
3429 0.413912
3430 0.413818
3431 0.413725
3432 0.413632
3433 0.413538
3434 0.413445
3435 0.413352
3436 0.413259
3437 0.413166
3438 0.413073
3439 0.412980
3440 0.412887
3441 0.412794
3442 0.412701
3443 0.412608
3444 0.412515
3445 0.412422
3446 0.412330
3447 0.412237
3448 0.412144
3449 0.412052
3450 0.411959
3451 0.411867
3452 0.411774
3453 0.411682
3454 0.411589
3455 0.411497
3456 0.411405
3457 0.411312
3458 0.411220
3459 0.411128
3460 0.411036
3461 0.410944
3462 0.410852
3463 0.410760
3464 0.410668
3465 0.410576
3466 0.410484
3467 0.410392
3468 0.410300
3469 0.410208
3470 0.410116
3471 0.410025
3472 0.409933
3473 0.409841
3474 0.409750
3475 0.409658
3476 0.409567
3477 0.409475
3478 0.409384
3479 0.409293
3480 0.409201
3481 0.409110
3482 0.409019
3483 0.408927
3484 0.408836
3485 0.408745
3486 0.408654
3487 0.408563
3488 0.408472
3489 0.408381
3490 0.408290
3491 0.408199
3492 0.408108
3493 0.408017
3494 0.407926
3495 0.407836
3496 0.407745
3497 0.407654
3498 0.407564
3499 0.407473
3500 0.407383
3501 0.407292
3502 0.407202
3503 0.407111
3504 0.407021
3505 0.406930
3506 0.406840
3507 0.406750
3508 0.406660
3509 0.406569
3510 0.406479
3511 0.406389
3512 0.406299
3513 0.406209
3514 0.406119
3515 0.406029
3516 0.405939
3517 0.405849
3518 0.405759
3519 0.405669
3520 0.405580
3521 0.405490
3522 0.405400
3523 0.405311
3524 0.405221
3525 0.405131
3526 0.405042
3527 0.404952
3528 0.404863
3529 0.404774
3530 0.404684
3531 0.404595
3532 0.404505
3533 0.404416
3534 0.404327
3535 0.404238
3536 0.404149
3537 0.404060
3538 0.403970
3539 0.403881
3540 0.403792
3541 0.403703
3542 0.403615
3543 0.403526
3544 0.403437
3545 0.403348
3546 0.403259
3547 0.403171
3548 0.403082
3549 0.402993
3550 0.402905
3551 0.402816
3552 0.402727
3553 0.402639
3554 0.402550
3555 0.402462
3556 0.402374
3557 0.402285
3558 0.402197
3559 0.402109
3560 0.402020
3561 0.401932
3562 0.401844
3563 0.401756
3564 0.401668
3565 0.401580
3566 0.401492
3567 0.401404
3568 0.401316
3569 0.401228
3570 0.401140
3571 0.401052
3572 0.400965
3573 0.400877
3574 0.400789
3575 0.400702
3576 0.400614
3577 0.400526
3578 0.400439
3579 0.400351
3580 0.400264
3581 0.400176
3582 0.400089
3583 0.400002
3584 0.399914
3585 0.399827
3586 0.399740
3587 0.399652
3588 0.399565
3589 0.399478
3590 0.399391
3591 0.399304
3592 0.399217
3593 0.399130
3594 0.399043
3595 0.398956
3596 0.398869
3597 0.398782
3598 0.398695
3599 0.398609
3600 0.398522
3601 0.398435
3602 0.398349
3603 0.398262
3604 0.398175
3605 0.398089
3606 0.398002
3607 0.397916
3608 0.397829
3609 0.397743
3610 0.397657
3611 0.397570
3612 0.397484
3613 0.397398
3614 0.397312
3615 0.397225
3616 0.397139
3617 0.397053
3618 0.396967
3619 0.396881
3620 0.396795
3621 0.396709
3622 0.396623
3623 0.396537
3624 0.396451
3625 0.396365
3626 0.396280
3627 0.396194
3628 0.396108
3629 0.396023
3630 0.395937
3631 0.395851
3632 0.395766
3633 0.395680
3634 0.395595
3635 0.395509
3636 0.395424
3637 0.395338
3638 0.395253
3639 0.395168
3640 0.395083
3641 0.394997
3642 0.394912
3643 0.394827
3644 0.394742
3645 0.394657
3646 0.394572
3647 0.394487
3648 0.394402
3649 0.394317
3650 0.394232
3651 0.394147
3652 0.394062
3653 0.393977
3654 0.393892
3655 0.393808
3656 0.393723
3657 0.393638
3658 0.393554
3659 0.393469
3660 0.393384
3661 0.393300
3662 0.393215
3663 0.393131
3664 0.393047
3665 0.392962
3666 0.392878
3667 0.392794
3668 0.392709
3669 0.392625
3670 0.392541
3671 0.392457
3672 0.392373
3673 0.392288
3674 0.392204
3675 0.392120
3676 0.392036
3677 0.391952
3678 0.391868
3679 0.391785
3680 0.391701
3681 0.391617
3682 0.391533
3683 0.391449
3684 0.391366
3685 0.391282
3686 0.391198
3687 0.391115
3688 0.391031
3689 0.390948
3690 0.390864
3691 0.390781
3692 0.390697
3693 0.390614
3694 0.390530
3695 0.390447
3696 0.390364
3697 0.390280
3698 0.390197
3699 0.390114
3700 0.390031
3701 0.389948
3702 0.389865
3703 0.389782
3704 0.389699
3705 0.389616
3706 0.389533
3707 0.389450
3708 0.389367
3709 0.389284
3710 0.389201
3711 0.389118
3712 0.389036
3713 0.388953
3714 0.388870
3715 0.388788
3716 0.388705
3717 0.388622
3718 0.388540
3719 0.388457
3720 0.388375
3721 0.388293
3722 0.388210
3723 0.388128
3724 0.388045
3725 0.387963
3726 0.387881
3727 0.387799
3728 0.387716
3729 0.387634
3730 0.387552
3731 0.387470
3732 0.387388
3733 0.387306
3734 0.387224
3735 0.387142
3736 0.387060
3737 0.386978
3738 0.386896
3739 0.386815
3740 0.386733
3741 0.386651
3742 0.386569
3743 0.386488
3744 0.386406
3745 0.386324
3746 0.386243
3747 0.386161
3748 0.386080
3749 0.385998
3750 0.385917
3751 0.385835
3752 0.385754
3753 0.385673
3754 0.385591
3755 0.385510
3756 0.385429
3757 0.385347
3758 0.385266
3759 0.385185
3760 0.385104
3761 0.385023
3762 0.384942
3763 0.384861
3764 0.384780
3765 0.384699
3766 0.384618
3767 0.384537
3768 0.384456
3769 0.384375
3770 0.384295
3771 0.384214
3772 0.384133
3773 0.384053
3774 0.383972
3775 0.383891
3776 0.383811
3777 0.383730
3778 0.383650
3779 0.383569
3780 0.383489
3781 0.383408
3782 0.383328
3783 0.383248
3784 0.383167
3785 0.383087
3786 0.383007
3787 0.382926
3788 0.382846
3789 0.382766
3790 0.382686
3791 0.382606
3792 0.382526
3793 0.382446
3794 0.382366
3795 0.382286
3796 0.382206
3797 0.382126
3798 0.382046
3799 0.381966
3800 0.381886
3801 0.381807
3802 0.381727
3803 0.381647
3804 0.381568
3805 0.381488
3806 0.381408
3807 0.381329
3808 0.381249
3809 0.381170
3810 0.381090
3811 0.381011
3812 0.380931
3813 0.380852
3814 0.380773
3815 0.380693
3816 0.380614
3817 0.380535
3818 0.380456
3819 0.380376
3820 0.380297
3821 0.380218
3822 0.380139
3823 0.380060
3824 0.379981
3825 0.379902
3826 0.379823
3827 0.379744
3828 0.379665
3829 0.379586
3830 0.379508
3831 0.379429
3832 0.379350
3833 0.379271
3834 0.379193
3835 0.379114
3836 0.379035
3837 0.378957
3838 0.378878
3839 0.378800
3840 0.378721
3841 0.378643
3842 0.378564
3843 0.378486
3844 0.378407
3845 0.378329
3846 0.378251
3847 0.378172
3848 0.378094
3849 0.378016
3850 0.377938
3851 0.377859
3852 0.377781
3853 0.377703
3854 0.377625
3855 0.377547
3856 0.377469
3857 0.377391
3858 0.377313
3859 0.377235
3860 0.377157
3861 0.377080
3862 0.377002
3863 0.376924
3864 0.376846
3865 0.376768
3866 0.376691
3867 0.376613
3868 0.376535
3869 0.376458
3870 0.376380
3871 0.376303
3872 0.376225
3873 0.376148
3874 0.376070
3875 0.375993
3876 0.375916
3877 0.375838
3878 0.375761
3879 0.375684
3880 0.375606
3881 0.375529
3882 0.375452
3883 0.375375
3884 0.375298
3885 0.375221
3886 0.375143
3887 0.375066
3888 0.374989
3889 0.374912
3890 0.374835
3891 0.374759
3892 0.374682
3893 0.374605
3894 0.374528
3895 0.374451
3896 0.374374
3897 0.374298
3898 0.374221
3899 0.374144
3900 0.374068
3901 0.373991
3902 0.373915
3903 0.373838
3904 0.373761
3905 0.373685
3906 0.373608
3907 0.373532
3908 0.373456
3909 0.373379
3910 0.373303
3911 0.373227
3912 0.373150
3913 0.373074
3914 0.372998
3915 0.372922
3916 0.372846
3917 0.372769
3918 0.372693
3919 0.372617
3920 0.372541
3921 0.372465
3922 0.372389
3923 0.372313
3924 0.372237
3925 0.372162
3926 0.372086
3927 0.372010
3928 0.371934
3929 0.371858
3930 0.371783
3931 0.371707
3932 0.371631
3933 0.371556
3934 0.371480
3935 0.371404
3936 0.371329
3937 0.371253
3938 0.371178
3939 0.371102
3940 0.371027
3941 0.370952
3942 0.370876
3943 0.370801
3944 0.370726
3945 0.370650
3946 0.370575
3947 0.370500
3948 0.370425
3949 0.370349
3950 0.370274
3951 0.370199
3952 0.370124
3953 0.370049
3954 0.369974
3955 0.369899
3956 0.369824
3957 0.369749
3958 0.369674
3959 0.369599
3960 0.369525
3961 0.369450
3962 0.369375
3963 0.369300
3964 0.369226
3965 0.369151
3966 0.369076
3967 0.369002
3968 0.368927
3969 0.368852
3970 0.368778
3971 0.368703
3972 0.368629
3973 0.368554
3974 0.368480
3975 0.368406
3976 0.368331
3977 0.368257
3978 0.368183
3979 0.368108
3980 0.368034
3981 0.367960
3982 0.367886
3983 0.367812
3984 0.367737
3985 0.367663
3986 0.367589
3987 0.367515
3988 0.367441
3989 0.367367
3990 0.367293
3991 0.367219
3992 0.367145
3993 0.367072
3994 0.366998
3995 0.366924
3996 0.366850
3997 0.366776
3998 0.366703
3999 0.366629
4000 0.366555
4001 0.366482
4002 0.366408
4003 0.366334
4004 0.366261
4005 0.366187
4006 0.366114
4007 0.366040
4008 0.365967
4009 0.365894
4010 0.365820
4011 0.365747
4012 0.365673
4013 0.365600
4014 0.365527
4015 0.365454
4016 0.365380
4017 0.365307
4018 0.365234
4019 0.365161
4020 0.365088
4021 0.365015
4022 0.364942
4023 0.364869
4024 0.364796
4025 0.364723
4026 0.364650
4027 0.364577
4028 0.364504
4029 0.364431
4030 0.364359
4031 0.364286
4032 0.364213
4033 0.364140
4034 0.364068
4035 0.363995
4036 0.363922
4037 0.363850
4038 0.363777
4039 0.363705
4040 0.363632
4041 0.363559
4042 0.363487
4043 0.363415
4044 0.363342
4045 0.363270
4046 0.363197
4047 0.363125
4048 0.363053
4049 0.362981
4050 0.362908
4051 0.362836
4052 0.362764
4053 0.362692
4054 0.362620
4055 0.362547
4056 0.362475
4057 0.362403
4058 0.362331
4059 0.362259
4060 0.362187
4061 0.362115
4062 0.362043
4063 0.361972
4064 0.361900
4065 0.361828
4066 0.361756
4067 0.361684
4068 0.361613
4069 0.361541
4070 0.361469
4071 0.361398
4072 0.361326
4073 0.361254
4074 0.361183
4075 0.361111
4076 0.361040
4077 0.360968
4078 0.360897
4079 0.360825
4080 0.360754
4081 0.360682
4082 0.360611
4083 0.360540
4084 0.360468
4085 0.360397
4086 0.360326
4087 0.360255
4088 0.360184
4089 0.360112
4090 0.360041
4091 0.359970
4092 0.359899
4093 0.359828
4094 0.359757
4095 0.359686
4096 0.359615
4097 0.359544
4098 0.359473
4099 0.359402
4100 0.359331
4101 0.359261
4102 0.359190
4103 0.359119
4104 0.359048
4105 0.358977
4106 0.358907
4107 0.358836
4108 0.358765
4109 0.358695
4110 0.358624
4111 0.358554
4112 0.358483
4113 0.358413
4114 0.358342
4115 0.358272
4116 0.358201
4117 0.358131
4118 0.358060
4119 0.357990
4120 0.357920
4121 0.357849
4122 0.357779
4123 0.357709
4124 0.357639
4125 0.357569
4126 0.357498
4127 0.357428
4128 0.357358
4129 0.357288
4130 0.357218
4131 0.357148
4132 0.357078
4133 0.357008
4134 0.356938
4135 0.356868
4136 0.356798
4137 0.356728
4138 0.356658
4139 0.356589
4140 0.356519
4141 0.356449
4142 0.356379
4143 0.356310
4144 0.356240
4145 0.356170
4146 0.356101
4147 0.356031
4148 0.355962
4149 0.355892
4150 0.355822
4151 0.355753
4152 0.355683
4153 0.355614
4154 0.355545
4155 0.355475
4156 0.355406
4157 0.355336
4158 0.355267
4159 0.355198
4160 0.355129
4161 0.355059
4162 0.354990
4163 0.354921
4164 0.354852
4165 0.354783
4166 0.354714
4167 0.354645
4168 0.354575
4169 0.354506
4170 0.354437
4171 0.354369
4172 0.354300
4173 0.354231
4174 0.354162
4175 0.354093
4176 0.354024
4177 0.353955
4178 0.353886
4179 0.353818
4180 0.353749
4181 0.353680
4182 0.353612
4183 0.353543
4184 0.353474
4185 0.353406
4186 0.353337
4187 0.353268
4188 0.353200
4189 0.353131
4190 0.353063
4191 0.352995
4192 0.352926
4193 0.352858
4194 0.352789
4195 0.352721
4196 0.352653
4197 0.352584
4198 0.352516
4199 0.352448
4200 0.352380
4201 0.352311
4202 0.352243
4203 0.352175
4204 0.352107
4205 0.352039
4206 0.351971
4207 0.351903
4208 0.351835
4209 0.351767
4210 0.351699
4211 0.351631
4212 0.351563
4213 0.351495
4214 0.351427
4215 0.351359
4216 0.351292
4217 0.351224
4218 0.351156
4219 0.351088
4220 0.351021
4221 0.350953
4222 0.350885
4223 0.350818
4224 0.350750
4225 0.350682
4226 0.350615
4227 0.350547
4228 0.350480
4229 0.350412
4230 0.350345
4231 0.350277
4232 0.350210
4233 0.350143
4234 0.350075
4235 0.350008
4236 0.349941
4237 0.349873
4238 0.349806
4239 0.349739
4240 0.349672
4241 0.349605
4242 0.349537
4243 0.349470
4244 0.349403
4245 0.349336
4246 0.349269
4247 0.349202
4248 0.349135
4249 0.349068
4250 0.349001
4251 0.348934
4252 0.348867
4253 0.348800
4254 0.348733
4255 0.348667
4256 0.348600
4257 0.348533
4258 0.348466
4259 0.348400
4260 0.348333
4261 0.348266
4262 0.348200
4263 0.348133
4264 0.348066
4265 0.348000
4266 0.347933
4267 0.347867
4268 0.347800
4269 0.347734
4270 0.347667
4271 0.347601
4272 0.347534
4273 0.347468
4274 0.347402
4275 0.347335
4276 0.347269
4277 0.347203
4278 0.347136
4279 0.347070
4280 0.347004
4281 0.346938
4282 0.346872
4283 0.346805
4284 0.346739
4285 0.346673
4286 0.346607
4287 0.346541
4288 0.346475
4289 0.346409
4290 0.346343
4291 0.346277
4292 0.346211
4293 0.346145
4294 0.346080
4295 0.346014
4296 0.345948
4297 0.345882
4298 0.345816
4299 0.345751
4300 0.345685
4301 0.345619
4302 0.345554
4303 0.345488
4304 0.345422
4305 0.345357
4306 0.345291
4307 0.345226
4308 0.345160
4309 0.345094
4310 0.345029
4311 0.344964
4312 0.344898
4313 0.344833
4314 0.344767
4315 0.344702
4316 0.344637
4317 0.344571
4318 0.344506
4319 0.344441
4320 0.344376
4321 0.344310
4322 0.344245
4323 0.344180
4324 0.344115
4325 0.344050
4326 0.343985
4327 0.343920
4328 0.343854
4329 0.343789
4330 0.343724
4331 0.343660
4332 0.343595
4333 0.343530
4334 0.343465
4335 0.343400
4336 0.343335
4337 0.343270
4338 0.343205
4339 0.343141
4340 0.343076
4341 0.343011
4342 0.342946
4343 0.342882
4344 0.342817
4345 0.342752
4346 0.342688
4347 0.342623
4348 0.342559
4349 0.342494
4350 0.342429
4351 0.342365
4352 0.342301
4353 0.342236
4354 0.342172
4355 0.342107
4356 0.342043
4357 0.341978
4358 0.341914
4359 0.341850
4360 0.341786
4361 0.341721
4362 0.341657
4363 0.341593
4364 0.341529
4365 0.341464
4366 0.341400
4367 0.341336
4368 0.341272
4369 0.341208
4370 0.341144
4371 0.341080
4372 0.341016
4373 0.340952
4374 0.340888
4375 0.340824
4376 0.340760
4377 0.340696
4378 0.340632
4379 0.340569
4380 0.340505
4381 0.340441
4382 0.340377
4383 0.340313
4384 0.340250
4385 0.340186
4386 0.340122
4387 0.340059
4388 0.339995
4389 0.339931
4390 0.339868
4391 0.339804
4392 0.339741
4393 0.339677
4394 0.339614
4395 0.339550
4396 0.339487
4397 0.339423
4398 0.339360
4399 0.339297
4400 0.339233
4401 0.339170
4402 0.339107
4403 0.339043
4404 0.338980
4405 0.338917
4406 0.338854
4407 0.338790
4408 0.338727
4409 0.338664
4410 0.338601
4411 0.338538
4412 0.338475
4413 0.338412
4414 0.338349
4415 0.338286
4416 0.338223
4417 0.338160
4418 0.338097
4419 0.338034
4420 0.337971
4421 0.337908
4422 0.337845
4423 0.337782
4424 0.337719
4425 0.337657
4426 0.337594
4427 0.337531
4428 0.337468
4429 0.337406
4430 0.337343
4431 0.337280
4432 0.337218
4433 0.337155
4434 0.337093
4435 0.337030
4436 0.336967
4437 0.336905
4438 0.336842
4439 0.336780
4440 0.336718
4441 0.336655
4442 0.336593
4443 0.336530
4444 0.336468
4445 0.336406
4446 0.336343
4447 0.336281
4448 0.336219
4449 0.336157
4450 0.336094
4451 0.336032
4452 0.335970
4453 0.335908
4454 0.335846
4455 0.335784
4456 0.335721
4457 0.335659
4458 0.335597
4459 0.335535
4460 0.335473
4461 0.335411
4462 0.335349
4463 0.335287
4464 0.335226
4465 0.335164
4466 0.335102
4467 0.335040
4468 0.334978
4469 0.334916
4470 0.334855
4471 0.334793
4472 0.334731
4473 0.334669
4474 0.334608
4475 0.334546
4476 0.334484
4477 0.334423
4478 0.334361
4479 0.334300
4480 0.334238
4481 0.334176
4482 0.334115
4483 0.334053
4484 0.333992
4485 0.333931
4486 0.333869
4487 0.333808
4488 0.333746
4489 0.333685
4490 0.333624
4491 0.333562
4492 0.333501
4493 0.333440
4494 0.333378
4495 0.333317
4496 0.333256
4497 0.333195
4498 0.333134
4499 0.333073
4500 0.333011
4501 0.332950
4502 0.332889
4503 0.332828
4504 0.332767
4505 0.332706
4506 0.332645
4507 0.332584
4508 0.332523
4509 0.332462
4510 0.332401
4511 0.332341
4512 0.332280
4513 0.332219
4514 0.332158
4515 0.332097
4516 0.332036
4517 0.331976
4518 0.331915
4519 0.331854
4520 0.331794
4521 0.331733
4522 0.331672
4523 0.331612
4524 0.331551
4525 0.331490
4526 0.331430
4527 0.331369
4528 0.331309
4529 0.331248
4530 0.331188
4531 0.331127
4532 0.331067
4533 0.331007
4534 0.330946
4535 0.330886
4536 0.330826
4537 0.330765
4538 0.330705
4539 0.330645
4540 0.330584
4541 0.330524
4542 0.330464
4543 0.330404
4544 0.330344
4545 0.330283
4546 0.330223
4547 0.330163
4548 0.330103
4549 0.330043
4550 0.329983
4551 0.329923
4552 0.329863
4553 0.329803
4554 0.329743
4555 0.329683
4556 0.329623
4557 0.329563
4558 0.329503
4559 0.329444
4560 0.329384
4561 0.329324
4562 0.329264
4563 0.329204
4564 0.329145
4565 0.329085
4566 0.329025
4567 0.328965
4568 0.328906
4569 0.328846
4570 0.328787
4571 0.328727
4572 0.328667
4573 0.328608
4574 0.328548
4575 0.328489
4576 0.328429
4577 0.328370
4578 0.328310
4579 0.328251
4580 0.328191
4581 0.328132
4582 0.328073
4583 0.328013
4584 0.327954
4585 0.327895
4586 0.327835
4587 0.327776
4588 0.327717
4589 0.327658
4590 0.327598
4591 0.327539
4592 0.327480
4593 0.327421
4594 0.327362
4595 0.327303
4596 0.327244
4597 0.327185
4598 0.327126
4599 0.327067
4600 0.327008
4601 0.326949
4602 0.326890
4603 0.326831
4604 0.326772
4605 0.326713
4606 0.326654
4607 0.326595
4608 0.326536
4609 0.326478
4610 0.326419
4611 0.326360
4612 0.326301
4613 0.326242
4614 0.326184
4615 0.326125
4616 0.326066
4617 0.326008
4618 0.325949
4619 0.325891
4620 0.325832
4621 0.325773
4622 0.325715
4623 0.325656
4624 0.325598
4625 0.325539
4626 0.325481
4627 0.325422
4628 0.325364
4629 0.325306
4630 0.325247
4631 0.325189
4632 0.325130
4633 0.325072
4634 0.325014
4635 0.324956
4636 0.324897
4637 0.324839
4638 0.324781
4639 0.324723
4640 0.324664
4641 0.324606
4642 0.324548
4643 0.324490
4644 0.324432
4645 0.324374
4646 0.324316
4647 0.324258
4648 0.324200
4649 0.324142
4650 0.324084
4651 0.324026
4652 0.323968
4653 0.323910
4654 0.323852
4655 0.323794
4656 0.323736
4657 0.323679
4658 0.323621
4659 0.323563
4660 0.323505
4661 0.323447
4662 0.323390
4663 0.323332
4664 0.323274
4665 0.323217
4666 0.323159
4667 0.323101
4668 0.323044
4669 0.322986
4670 0.322928
4671 0.322871
4672 0.322813
4673 0.322756
4674 0.322698
4675 0.322641
4676 0.322583
4677 0.322526
4678 0.322469
4679 0.322411
4680 0.322354
4681 0.322296
4682 0.322239
4683 0.322182
4684 0.322124
4685 0.322067
4686 0.322010
4687 0.321953
4688 0.321895
4689 0.321838
4690 0.321781
4691 0.321724
4692 0.321667
4693 0.321610
4694 0.321553
4695 0.321495
4696 0.321438
4697 0.321381
4698 0.321324
4699 0.321267
4700 0.321210
4701 0.321153
4702 0.321096
4703 0.321040
4704 0.320983
4705 0.320926
4706 0.320869
4707 0.320812
4708 0.320755
4709 0.320698
4710 0.320642
4711 0.320585
4712 0.320528
4713 0.320471
4714 0.320415
4715 0.320358
4716 0.320301
4717 0.320245
4718 0.320188
4719 0.320131
4720 0.320075
4721 0.320018
4722 0.319962
4723 0.319905
4724 0.319849
4725 0.319792
4726 0.319736
4727 0.319679
4728 0.319623
4729 0.319566
4730 0.319510
4731 0.319454
4732 0.319397
4733 0.319341
4734 0.319285
4735 0.319228
4736 0.319172
4737 0.319116
4738 0.319059
4739 0.319003
4740 0.318947
4741 0.318891
4742 0.318835
4743 0.318778
4744 0.318722
4745 0.318666
4746 0.318610
4747 0.318554
4748 0.318498
4749 0.318442
4750 0.318386
4751 0.318330
4752 0.318274
4753 0.318218
4754 0.318162
4755 0.318106
4756 0.318050
4757 0.317994
4758 0.317939
4759 0.317883
4760 0.317827
4761 0.317771
4762 0.317715
4763 0.317659
4764 0.317604
4765 0.317548
4766 0.317492
4767 0.317437
4768 0.317381
4769 0.317325
4770 0.317270
4771 0.317214
4772 0.317158
4773 0.317103
4774 0.317047
4775 0.316992
4776 0.316936
4777 0.316881
4778 0.316825
4779 0.316770
4780 0.316714
4781 0.316659
4782 0.316604
4783 0.316548
4784 0.316493
4785 0.316437
4786 0.316382
4787 0.316327
4788 0.316271
4789 0.316216
4790 0.316161
4791 0.316106
4792 0.316050
4793 0.315995
4794 0.315940
4795 0.315885
4796 0.315830
4797 0.315775
4798 0.315720
4799 0.315664
4800 0.315609
4801 0.315554
4802 0.315499
4803 0.315444
4804 0.315389
4805 0.315334
4806 0.315279
4807 0.315224
4808 0.315169
4809 0.315115
4810 0.315060
4811 0.315005
4812 0.314950
4813 0.314895
4814 0.314840
4815 0.314786
4816 0.314731
4817 0.314676
4818 0.314621
4819 0.314567
4820 0.314512
4821 0.314457
4822 0.314402
4823 0.314348
4824 0.314293
4825 0.314239
4826 0.314184
4827 0.314129
4828 0.314075
4829 0.314020
4830 0.313966
4831 0.313911
4832 0.313857
4833 0.313802
4834 0.313748
4835 0.313694
4836 0.313639
4837 0.313585
4838 0.313530
4839 0.313476
4840 0.313422
4841 0.313367
4842 0.313313
4843 0.313259
4844 0.313205
4845 0.313150
4846 0.313096
4847 0.313042
4848 0.312988
4849 0.312933
4850 0.312879
4851 0.312825
4852 0.312771
4853 0.312717
4854 0.312663
4855 0.312609
4856 0.312555
4857 0.312501
4858 0.312447
4859 0.312393
4860 0.312339
4861 0.312285
4862 0.312231
4863 0.312177
4864 0.312123
4865 0.312069
4866 0.312015
4867 0.311962
4868 0.311908
4869 0.311854
4870 0.311800
4871 0.311746
4872 0.311693
4873 0.311639
4874 0.311585
4875 0.311531
4876 0.311478
4877 0.311424
4878 0.311370
4879 0.311317
4880 0.311263
4881 0.311210
4882 0.311156
4883 0.311102
4884 0.311049
4885 0.310995
4886 0.310942
4887 0.310888
4888 0.310835
4889 0.310782
4890 0.310728
4891 0.310675
4892 0.310621
4893 0.310568
4894 0.310515
4895 0.310461
4896 0.310408
4897 0.310355
4898 0.310301
4899 0.310248
4900 0.310195
4901 0.310142
4902 0.310088
4903 0.310035
4904 0.309982
4905 0.309929
4906 0.309876
4907 0.309822
4908 0.309769
4909 0.309716
4910 0.309663
4911 0.309610
4912 0.309557
4913 0.309504
4914 0.309451
4915 0.309398
4916 0.309345
4917 0.309292
4918 0.309239
4919 0.309186
4920 0.309133
4921 0.309081
4922 0.309028
4923 0.308975
4924 0.308922
4925 0.308869
4926 0.308816
4927 0.308764
4928 0.308711
4929 0.308658
4930 0.308605
4931 0.308553
4932 0.308500
4933 0.308447
4934 0.308395
4935 0.308342
4936 0.308289
4937 0.308237
4938 0.308184
4939 0.308132
4940 0.308079
4941 0.308027
4942 0.307974
4943 0.307922
4944 0.307869
4945 0.307817
4946 0.307764
4947 0.307712
4948 0.307659
4949 0.307607
4950 0.307555
4951 0.307502
4952 0.307450
4953 0.307397
4954 0.307345
4955 0.307293
4956 0.307241
4957 0.307188
4958 0.307136
4959 0.307084
4960 0.307032
4961 0.306979
4962 0.306927
4963 0.306875
4964 0.306823
4965 0.306771
4966 0.306719
4967 0.306667
4968 0.306615
4969 0.306563
4970 0.306511
4971 0.306459
4972 0.306407
4973 0.306355
4974 0.306303
4975 0.306251
4976 0.306199
4977 0.306147
4978 0.306095
4979 0.306043
4980 0.305991
4981 0.305939
4982 0.305887
4983 0.305836
4984 0.305784
4985 0.305732
4986 0.305680
4987 0.305629
4988 0.305577
4989 0.305525
4990 0.305473
4991 0.305422
4992 0.305370
4993 0.305318
4994 0.305267
4995 0.305215
4996 0.305164
4997 0.305112
4998 0.305061
4999 0.305009
